4.299173419147307 61.71478522220517
38.439717081829784 32.86281249076038
67.82237627310003 6.808929062414782
83.81943000294805 10.458328879894175
83.92339905591265 39.583442679729494
46.51467328881217 72.70466534353938
29.783599152035467 64.25806762214866
23.334416264236367 62.227189378875615
60.04418107027296 14.394371535824902
63.375338583984075 15.834315869140504
28.72161088109656 48.239096332685435
57.58266087712717 69.86204206490197
82.03847197952364 15.657298560129773
65.79282551757716 41.909396997844986
86.33548505748558 71.07139496537897
8.997908289518486 60.33341310271554
18.115421668617604 10.974134472283614
5.1344970892543635 90.33997725717053
73.6805894612872 91.04337459782003
34.48619837216231 52.60369272720536
47.22308814932015 48.02552292630457
42.92019561557693 40.94996260039069
21.04648474426497 84.36468135836392
53.42667373926624 99.0654841226842
95.2693095869817 59.75352133613405
51.677563144137814 93.26515844998347
12.721022180430486 16.250340202446612
92.42960426338882 82.76496120371644
58.53030923973495 66.91033045931033
3.522533462070343 78.38714534356737
14.708622494850376 13.579994466194389
7.726807246915268 74.9070090972378
28.303196661663588 64.34060023871801
8.798882074161519 81.35526219574555
41.65655574156133 71.72110759925133
30.524502781705575 42.02251240369876
80.76246333937019 5.102722168146768
38.78609093150215 68.48798090745395
48.987204366776574 69.05057981755864
51.063285990955144 73.75402971360585
89.23547820463685 63.86922189976778
42.582413645016295 58.309805590207
16.799609087529245 33.412060078523844
84.3767317486132 82.90477446459667
39.348504444052764 75.92255254211668
87.14460262779087 50.146846973529456
23.92096649922475 66.08811078733831
21.558080020057368 36.35479155632987
16.876077513681054 55.172366656725515
1.6307598124709055 90.77252316005709
66.54213075685783 98.86601165610523
91.54642555690069 76.56135985928817
13.16486977516329 94.25475999752145
45.629673419647574 79.92788070007417
99.51713922342381 32.62905018627467
51.93848205173208 57.2732255546796
95.15257362446717 46.36470120148623
83.8513381814564 29.532064237998558
41.06402957737467 41.2764495564865
18.69105678012136 9.373084609208092
44.101930002043744 12.935660070964172
74.1176257516719 52.00028639737617
24.651921775434094 6.658464900885197
81.14316065601163 7.525314588296328
90.26534892167409 83.31919143646181
56.63909712232438 28.45846510995681
3.810201957276671 99.42494331804235
45.55870204737465 21.195074282201286
64.61842524066515 98.92709133231082
44.39196174650573 53.17368610777885
30.653594343778433 14.088449230054456
85.58152048331172 6.036659292984014
47.82927182485981 77.44652681319492
23.721671028181824 62.485853962061846
47.00945281640425 56.91407339918928
24.24406942895807 79.07417674707166
2.815846054165483 15.909495935228723
37.0180047164485 56.23681243361619
62.135219762803274 19.98509749706554
47.06121524354655 3.570305264535445
59.0380728934842 98.62634038910848
6.972387798111146 62.78001960060179
99.27915149952513 30.775640704042605
23.908038766068927 46.742761753144855
35.59671111626106 23.22077648506472
30.462763978740682 41.48754077249174
80.2205699983424 84.63158866815664
94.00161856225837 24.075973479064462
62.27530474250119 43.77077368800839
76.13061906698388 45.56137157536636
65.88832441526874 73.0047094621739
29.74880861160598 67.95826471328827
46.44028363260517 17.778163030262306
13.993694555907188 35.13278367559868
11.684772044094437 91.31298377900538
12.78259423053687 38.70895514686268
47.44081998850971 25.81602793026221
86.51120381167358 87.90427705575374
87.00210196430774 26.669697760264523
58.04761367570308 5.775410814013194
87.68325981961222 86.12417455625054
38.21039624283237 87.32801716659792
5.425106095333976 86.00029464347956
61.76503699147514 73.04413232408373
70.45135633493419 67.13275803123184
9.638203962930191 14.042425946202075
21.270446721230897 99.38471928811349
45.176935272122954 82.26371483746048
68.53450290735336 90.35071279717559
41.87995683329675 16.230517432453695
48.052570384419205 62.351123101163545
82.21361601869233 98.36354919804037
47.468937400030065 88.98336050520736
69.77082483807956 57.232346741587705
58.94243007593505 19.77454665027807
5.257371260039678 93.46108271326496
73.40571333264582 24.560757509054465
50.85979881228616 29.757700595681026
95.50218135713064 55.237527089879976
58.63426492395967 16.266662056446457
16.80238113035162 70.67088282764907
17.436846917214442 66.62555830619823
31.929562654081966 26.578621091444067
82.76564755582496 71.84293134241912
84.69370916573946 81.26070441364524
61.4941012024961 86.43208842918459
47.926261035971976 26.72761260654909
34.17670980856835 41.05556163234196
3.9670796420530507 22.74932438897206
24.883539128173016 75.05417921665352
65.86806923159031 21.211916550832143
76.84365935995068 49.39430606523386
41.79739722636432 74.98514990526392
63.21966467707153 14.494763311198378
75.46598511305349 12.370472294603484
26.07230244087465 95.12700778509611
46.05128558855874 2.729433162121453
10.674676565772657 34.69552592021525
19.11664428225135 7.099448002830666
77.22407575975211 94.97725496447931
84.01048130219343 4.393987589009729
87.74472350128183 70.6500681884599
30.735259263065416 43.342190565571634
46.05318024309778 6.779576101004636
38.272390877454086 52.84371446549153
52.11840062846449 31.860205565439415
41.92440348756617 97.18205478432291
55.50930828544979 95.50639553221018
9.413396070793588 23.79407659902768
92.59739825423536 19.686507826397026
27.804388679067504 64.52174985216533
11.710531630729903 18.550071261288025
77.0693512523609 43.6562159359306
26.232256015808574 0.4460324053328413
70.49357073990198 46.56851962831037
40.38593428393816 70.3185039948561
70.1902228582549 27.574502989610096
71.95696805884069 94.24141956656173
32.92332186072896 71.50033505365202
52.73415117098067 90.58749860856064
76.57059622693897 92.70504623318492
26.866585163329415 86.84716382688518
60.464610479428806 31.00074298548192
99.50439906257606 55.58609841647939
28.022016892519773 73.34263078387173
28.562538097607025 49.17518008796022
12.132338363614704 57.42066735732282
92.01657395847403 91.88483756991339
70.24959685207153 2.7699349052591526
35.67485109595481 76.88867524793169
18.65967317586025 47.398459133937244
37.78469412189139 16.326267577025988
91.7941142124739 25.81158838932691
14.768846618290377 93.76529675635354
5.93320022434699 78.45109000734794
34.50095696450808 26.908029144339785
89.34488223758869 63.64722210942634
43.45817008103283 65.32157049252612
82.58418022957262 45.1112293594616
77.75165158363556 37.62188016574347
46.34371842984992 96.61167993396798
40.340461080216095 10.679354459147572
63.70871090067401 89.0612217671428
59.00756945278541 60.39942733791606
38.401589016060214 0.14926297497348529
79.02647447846219 3.5844239518880494
80.85454371167859 84.55601892907826
17.922869090869685 68.41252964534502
42.940307580847715 83.94059066494248
1.6361293630276497 27.20769706074161
91.30674539275627 37.301500927391906
30.339101608045926 3.0091342088220285
36.97477428750259 66.96876397849935
60.169238406548054 49.94741613378124
64.55063889992319 58.94158568122925
58.103067040851144 39.39459657654424
64.99494260058837 12.460597628134085
15.634093923563219 93.35193654701354
1.1880838386352344 25.241761403836772
89.85321512173135 36.038303770632396
81.04770302837933 87.5211535571157
43.41929016424733 3.20183725099884
83.89054550367212 74.59892970022868
51.03199967141838 52.77009938001726
56.62131119937944 22.14086713845187
28.689508193897506 15.040689251805873
10.210979376878338 21.042025803527743
20.408980489690776 1.1457140311041725
54.93477825054184 30.930033014283353
99.7053971121036 63.642930038510436
54.095644656291434 21.612942796643864
71.69025358251561 97.74582614056064
50.46040795103678 6.537917319454401
9.056150433246945 58.35453633486415
87.22919234284485 48.5774416768715
93.99189612960635 91.47543043265675
25.782232682424567 99.89661697031877
48.99046736511694 29.383031195146526
72.97773523447259 77.19253104813538
87.75943604468186 51.21857964874695
7.433278246268471 1.1555586496084236
69.78962134762125 17.862967608886905
57.099564942598704 43.510205368258404
47.37726123912424 89.71813163951529
13.977780715573196 14.175921754486087
64.27495598188396 38.6009402200652
46.60306750044022 79.8740571536902
10.72260650882063 30.677416957515092
54.548149628919106 84.70736328988569
25.346922882128077 78.86751077663497
74.75869499308875 52.0702649228087
21.632005318370307 41.43606813664233
25.107410780123583 1.0178484678619037
65.64950234106786 48.36306135587193
98.52718428248212 99.68116616425772
42.550819716354205 83.16387714158894
81.66575997991734 13.692088002673897
86.56854437178471 1.179625517661298
58.51721524243746 90.4164957450072
45.695498841745284 47.62865041140781
73.65079973074023 85.8524864585459
37.40204832244538 77.94572416178202
5.378775224542098 48.13287405600648
4.385472324555428 21.67581559006132
2.9101660051873535 34.48678426568943
93.3170520983752 96.25583675241953
51.67070531017733 96.7327265989311
8.917170910430983 29.47757882047225
0.5860529174026574 72.05341240266168
80.0528308857224 23.86536908862119
83.2951752337366 39.455614925520266
81.18920721866432 85.23973250452073
75.44646397688656 94.30906763098052
38.12755799744839 66.76771900184394
95.0103679304811 54.73182014458307
39.31644726913595 0.06160760796970477
81.83096920520592 66.05015574856638
48.698951713824755 49.70133395812013
27.095413954774962 35.7457192859644
88.28881872122008 92.67047916846174
99.14072031578944 97.65336731831992
98.8181692538048 29.724599359977212
2.7252023712035167 18.04338896858164
3.657716021802937 76.97511631209123
19.796457149701595 38.27954034963326
44.826632583842766 16.05358242781695
77.30760805204466 43.10768850421175
5.164536860051838 88.85729147011887
44.63118902606078 39.06643326578298
33.06113355189058 60.320206342112215
93.75161612528953 33.18929172952343
33.64806527919655 1.7535052975327425
85.32806504473189 38.99837902047163
89.89037494659013 31.390162457520532
86.61659910412935 91.5811952810712
96.22714108352982 34.69986919897807
53.621807566384426 1.7913221996433748
51.666434955666375 92.92434971783545
44.897751855690025 27.297194277356283
98.71468202737987 49.37250874294219
35.73036740025211 71.1768954722395
5.244995846418632 9.904047692214235
70.42741642886517 14.284690451528991
77.72351070565045 67.38770589996295
58.16837348158073 52.78528822714515
39.53935019209863 75.03108451107146
81.72794570198057 27.101894645593706
2.807417822733249 41.41114195646644
87.90640348893606 55.326995456624594
75.52047766926742 60.000274108587384
31.7897053482486 29.409220949381286
37.50778173495566 7.063682343740352
95.74082603300612 74.53733183672236
0.5469673866879909 72.00943621831833
89.52581154637765 31.109747079795458
35.714180400299846 97.34054377081382
21.685541760150283 20.15677970149049
55.734181681570206 12.173624641521608
48.447327131804364 84.42299087759113
24.782418106023705 87.8784531326266
90.70560048919181 93.55927126593876
27.47544559197267 74.48303175521909
98.82300206201101 56.8829462590846
71.16352438951627 5.729100831734724
28.85138282765829 57.80444580818551
82.09271199601451 96.02969733561497
12.780579949434312 25.136584190478416
79.83155720281607 28.520757605191992
75.98255881226554 77.67102854353308
40.53168989360915 89.08998506132481
96.20424234162219 72.86839774390866
40.663147653392464 82.54820370865997
70.69365403359367 55.70483462417188
92.29590775171506 77.90033851134433
58.92925115285957 61.08787120619502
10.922053961673706 27.744902746572684
20.27770985948306 14.371023986305753
14.24646700727864 4.180286891032869
53.78487782813064 64.65057528107928
17.539319640139105 30.354385212162516
69.10087271806172 48.067000733612765
63.68977887580489 14.160096874102635
26.064008703499297 89.81648454919136
36.35108729595219 63.71519749007829
22.89737717246717 48.633710320603065
51.2180536787171 89.79814369319284
86.44598398692818 12.375088996448635
56.1050202661296 74.88942214351002
21.939239691200484 52.321919746955345
36.278468434307065 52.391091572276274
57.879327300437325 66.11958817451853
91.23264543551171 92.6557528121015
62.585310711188114 45.461923590269784
11.457991384628663 55.826662010242266
0.7141495740299986 44.00682133375485
7.545812888500924 19.387256673659248
91.20729112028155 32.21147902426891
20.071285172065735 55.268885586012054
1.3229603178260274 93.40319384564559
51.33836761948023 64.0186743071869
46.74828502487347 98.98041661829133
16.75904728240245 36.85736097976054
80.28273149617307 38.642170924339936
82.76361948414151 22.221618718604454
39.58411737268038 48.17507732515248
29.06588974786525 25.57700107976615
15.969261322465245 94.3979903785322
80.76198134883255 66.07798727731902
65.08631049743737 9.648551396596838
99.9355080761963 42.77871967256854
22.440702905388545 49.92983220678294
25.501699508037067 46.68246741960373
46.42086584763708 83.14848143485976
44.589575231530546 96.70470102543007
14.243270182117652 26.736577059231536
57.67289136834541 70.51399554387407
58.36792221841569 49.82019456854707
67.09271251702494 59.81779680844503
82.44592479803383 73.21572334997704
93.17594046219388 37.85344613365804
16.50449188078078 61.25188422140467
37.44513580271818 47.76211884768684
65.01777594063557 28.623752222121524
64.60028148264503 62.43601258152982
38.30161128045595 45.32533776524209
88.49207145785273 33.30175099101238
65.65354888859262 39.32874247122239
87.75820114510326 82.81864374172623
27.198360786672758 10.328752962990894
2.3578418614828234 25.589804042800456
5.0511334449159895 70.30849120824001
84.75654619328654 40.136860265417425
32.062524508974064 7.81582380758743
36.093561895639766 41.80492912585891
46.37213733491821 40.9193538606204
75.65317286183301 13.957715149848926
63.43637857412161 6.524479238610626
94.07850163598695 83.17924848461958
9.264491479279634 11.38596282189689
11.385587539338559 73.00196827110008
60.99717589999357 49.92028861834675
8.830889896874993 13.653096459755787
34.72341072484297 30.421640039211052
60.328325324538234 55.16345009711265
84.16437403897869 27.721776407056275
77.7370796459062 8.365970493560903
83.30906663728534 38.83144048247061
74.54450460275865 3.585413592836051
9.160195224764545 7.944760096457493
77.89023654217215 57.76529369269935
7.9029013469554155 53.52837329010757
85.44977632994133 43.499229987812036
59.173685240773885 39.44905218310581
69.86805764930173 64.32667004221271
78.86036000097185 49.839736111420095
18.722662075804088 99.386378814541
20.577960407477715 32.33576832494288
11.572660212843767 44.16048199323747
0.49598857415245057 42.80642872859023
98.71845338058176 11.186757424004856
2.395972793937229 11.71213964259399
27.954899647864796 31.372192471738803
76.09393750242333 74.1762773461932
28.57169927965956 87.43595952959811
22.114149982752085 50.859344772508855
48.45209056225745 22.74596256722149
13.264315609358523 9.347211270307943
57.99707599369561 36.392665992903794
24.169083993278473 64.43535284442194
57.92056862698804 70.19755052269512
1.0829645289298195 39.74725604445414
94.83641055569275 53.88098656555725
40.56418350184367 29.399237465556382
95.90681273151083 58.66136458898315
61.84692022511148 31.26090660327265
11.324763224110335 35.01329273539597
18.481634675033508 33.21274669897042
69.60943190279862 7.952599744382938
31.34024234423102 69.0259149748576
44.72563822916496 74.46830561684857
8.413764570370875 37.49296302559046
36.72168151514932 95.77702845669795
59.205510113721346 10.77183337956068
20.068305880080985 88.14122988517053
47.837321764416984 12.989832172253346
95.24804611633209 67.5639559913269
1.2147839182512832 61.647067714904416
40.08574310168085 62.90484312839196
11.035025624887929 34.24472582107465
50.666474525780735 5.146287882939815
21.419338313534652 11.146290081709187
68.91103984196626 25.533766100847245
23.9025782165996 25.718626414351174
85.30939925718785 48.32049706105593
32.45168201190772 60.270663525849365
47.44232599348187 67.36230290044605
11.999250159307906 77.42822322812573
97.24607170079783 72.32745790207045
34.747731653055006 59.349946230586525
82.16965808229084 61.569780749809865
91.1761922717663 10.215227611913713
81.06492460778193 26.514642866536775
57.18338558855085 23.386104061685874
42.43710775605837 58.83222359235937
0.3589556310042874 40.45486873958974
38.799089592634985 87.8706712986877
82.60694730373352 12.97367826175705
99.17084351425117 46.099576612224745
0.9671096161409043 34.336770976508745
43.037881782712915 91.6709324716504
13.397440827917762 37.09099621442745
28.808620468026845 3.442140960069928
56.345103598478374 95.38832038951335
88.12449311082922 54.47943771113191
87.53516378120281 26.439741599842893
36.46739192584684 81.39562573778828
18.334755021479975 28.62735108275909
98.7961924338562 74.4549827989331
29.811694921355247 2.8336163181520657
38.103702428971594 88.97745953302898
14.271798057229546 31.655179510989406
25.315884549702005 90.35655695497674
11.029894585361655 61.161967194719644
12.222216602688963 66.8977991263932
1.7732334943754147 63.21703785710338
84.86422173793079 36.825811096714546
34.959567658136194 99.828683920142
57.28124180020377 74.89881470077898
38.72784192907106 44.258246713752015
79.61477908793117 17.790874667240352
4.316106725804558 87.30509347804053
63.68671841193898 48.720091910044715
82.95667223566804 11.924943240306462
87.61411896730871 17.247909173130648
75.1697908508357 4.914650088335493
82.10850709480192 58.285033472535275
56.57332514519939 52.58408003348857
17.15909112268298 30.195190070066356
21.705547391677737 4.3920994180783435
36.02340597876738 3.495479410458968
98.87014027099383 56.19931667464265
80.96835771843914 82.38633760309739
31.512018288149502 70.78664941962901
97.34813823619429 1.3157891939407973
63.38703295395529 87.79402124525838
36.91716153443526 40.74790979644799
32.273711907826865 68.945114058262
38.43177401581852 15.891854721988807
2.2693207883380695 55.6204343687301
70.63192638495964 96.08262690515001
87.60592051850588 85.89192094489503
68.20627635835645 74.12794632659995
69.19847245890229 45.62297004825035
48.73268803162109 23.906766091918254
53.202422008938875 90.47744875370847
58.08288494926506 78.6406832281261
57.0250770754602 38.7982202141135
37.58799757866187 35.18136573945496
6.52712581386764 2.088779864734136
78.54732335543696 62.89467666180714