30.62877208554735 98.46217446208634
5.033781544209248 87.18571980676714
93.34453115273493 73.38844301289102
20.826300872629222 11.55815429506294
44.6202360649381 73.33518461118948
5.944086663030013 75.51674596302081
13.240186115355657 4.516048240395887
22.954406846753127 31.73271918314331
16.39845659714483 86.02776815226792
90.56362180933034 41.94616703312275
41.75194034687707 75.30041992527775
31.146603500462476 16.314606308084834
88.4148513782918 50.71009864732638
88.4323110016428 51.646936087811554
11.916794834483103 97.44440199057533
17.412922306646784 81.56029221597571
40.951225072385846 81.24527306280181
96.32958227557872 6.512217229476391
43.23644354611035 41.08736864917795
3.3818585182395444 46.34460843189592
65.69814144005312 6.970251012335337
70.63748439497706 38.39133564014372
61.39806005130707 31.829804541108608
30.803804288730763 3.1816818672958047
35.639166684486646 49.12311549954761
73.38014872016379 54.216846246997505
62.549140095636055 67.79692104419061
32.90034612496171 75.66685577009356
2.5647654391217856 0.16156229889473517
58.230546293805276 30.673220863506845
79.33998675578269 20.664041108924526
83.11445009755897 41.29283204997072
9.696298833510753 30.920829123516068
74.68618124179729 29.261384708487725
51.66302271131264 20.597072362417613
23.521985189947713 68.55044100285718
62.83829647673761 11.382972254789747
29.833570341662362 86.72731898143982
45.1066125928421 59.656318399444295
81.79808644303934 54.465948688850695
76.51909908015213 13.293277748014187
27.902774999094106 59.41559010632348
68.07216980446914 74.3573111223352
97.80650705367965 52.89001079375824
14.778517958312932 95.36343041567144
70.22107302838035 78.83875347605236
62.16365912272016 1.8256918995068205
68.37732225456888 34.0739771192646
78.14266597908777 46.307007048829895
91.4903751058745 92.77343372724924
67.5468396939201 2.8551511927773054
63.19553066276825 91.48430108268583
11.19403184243355 26.383390268690544
32.21812872113497 77.07455761421377
78.33913020094934 24.16519434066815
39.51872259337116 69.11551902126664
48.88450797357207 11.44155493058795
68.50436336361221 4.69114741116361
70.55569374513522 20.050901079231252
11.641644841093136 88.40464127330698
72.89430962068462 77.70445530128615
69.49650268877451 80.48646725927155
32.78504601041013 25.43469731751963
56.14143878207125 73.8387663677685
73.12004140049055 63.21257041595136
43.373912042798544 55.85137971258647
33.92614506252784 99.91010300544133
89.91470781305748 22.8023569746293
31.448417078748527 69.15440664391996
90.77536500513679 41.628947588802546
49.29118670534205 4.9020179488516336
88.42296733633135 19.92494645542786
28.873776307954913 99.23402432867027
11.260174951461078 29.02159076418872
66.94698057030908 14.091811874484417
38.644258921706566 76.37121469839326
79.2208332250915 76.45535343936206
0.41431803731144523 50.449962789107694
19.9354025584459 77.19580055741328
91.84739976275756 77.80410139380972
7.630013395222946 22.044760573257417
98.66998893752216 37.033825066796744
41.042007592135874 2.1351609263551175
27.477683129136054 26.37493503351157
85.48657452241265 32.405500314089785
67.92318911856448 67.09103215946361
51.49041207535322 59.92948780683641
94.86438091292257 90.27225501129406
2.563380887247535 70.97016089773133
24.927880214427457 2.6806707100167304
17.93849216750134 18.02672468307531
33.11043674215441 83.74768778352731
64.27022333769476 52.143951612307404
78.38085479098726 92.96989389061109
11.91938240157937 65.2156904457799
77.96494042810936 41.83683619719809
42.20477151379526 92.66638305917971
92.1640421317737 1.8053528097114246
5.352412176711141 9.906699841403698
76.35628732681027 98.4275085930808